-500,-868
-499,-866.2
-498,-864.4
-497,-862.6
-496,-860.8
-495,-859
-494,-857.2
-493,-855.4
-492,-853.6
-491,-851.8
-490,-850
-489,-848.2
-488,-846.4
-487,-844.6
-486,-842.8
-485,-841
-484,-839.2
-483,-837.4
-482,-835.6
-481,-833.8
-480,-832
-479,-830.2
-478,-828.4
-477,-826.6
-476,-824.8
-475,-823
-474,-821.2
-473,-819.4
-472,-817.6
-471,-815.8
-470,-814
-469,-812.2
-468,-810.4
-467,-808.6
-466,-806.8
-465,-805
-464,-803.2
-463,-801.4
-462,-799.6
-461,-797.8
-460,-796
-459,-794.2
-458,-792.4
-457,-790.6
-456,-788.8
-455,-787
-454,-785.2
-453,-783.4
-452,-781.6
-451,-779.8
-450,-778
-449,-776.2
-448,-774.4
-447,-772.6
-446,-770.8
-445,-769
-444,-767.2
-443,-765.4
-442,-763.6
-441,-761.8
-440,-760
-439,-758.2
-438,-756.4
-437,-754.6
-436,-752.8
-435,-751
-434,-749.2
-433,-747.4
-432,-745.6
-431,-743.8
-430,-742
-429,-740.2
-428,-738.4
-427,-736.6
-426,-734.8
-425,-733
-424,-731.2
-423,-729.4
-422,-727.6
-421,-725.8
-420,-724
-419,-722.2
-418,-720.4
-417,-718.6
-416,-716.8
-415,-715
-414,-713.2
-413,-711.4
-412,-709.6
-411,-707.8
-410,-706
-409,-704.2
-408,-702.4
-407,-700.6
-406,-698.8
-405,-697
-404,-695.2
-403,-693.4
-402,-691.6
-401,-689.8
-400,-688
-399,-686.2
-398,-684.4
-397,-682.6
-396,-680.8
-395,-679
-394,-677.2
-393,-675.4
-392,-673.6
-391,-671.8
-390,-670
-389,-668.2
-388,-666.4
-387,-664.6
-386,-662.8
-385,-661
-384,-659.2
-383,-657.4
-382,-655.6
-381,-653.8
-380,-652
-379,-650.2
-378,-648.4
-377,-646.6
-376,-644.8
-375,-643
-374,-641.2
-373,-639.4
-372,-637.6
-371,-635.8
-370,-634
-369,-632.2
-368,-630.4
-367,-628.6
-366,-626.8
-365,-625
-364,-623.2
-363,-621.4
-362,-619.6
-361,-617.8
-360,-616
-359,-614.2
-358,-612.4
-357,-610.6
-356,-608.8
-355,-607
-354,-605.2
-353,-603.4
-352,-601.6
-351,-599.8
-350,-598
-349,-596.2
-348,-594.4
-347,-592.6
-346,-590.8
-345,-589
-344,-587.2
-343,-585.4
-342,-583.6
-341,-581.8
-340,-580
-339,-578.2
-338,-576.4
-337,-574.6
-336,-572.8
-335,-571
-334,-569.2
-333,-567.4
-332,-565.6
-331,-563.8
-330,-562
-329,-560.2
-328,-558.4
-327,-556.6
-326,-554.8
-325,-553
-324,-551.2
-323,-549.4
-322,-547.6
-321,-545.8
-320,-544
-319,-542.2
-318,-540.4
-317,-538.6
-316,-536.8
-315,-535
-314,-533.2
-313,-531.4
-312,-529.6
-311,-527.8
-310,-526
-309,-524.2
-308,-522.4
-307,-520.6
-306,-518.8
-305,-517
-304,-515.2
-303,-513.4
-302,-511.6
-301,-509.8
-300,-508
-299,-506.2
-298,-504.4
-297,-502.6
-296,-500.8
-295,-499
-294,-497.2
-293,-495.4
-292,-493.6
-291,-491.8
-290,-490
-289,-488.2
-288,-486.4
-287,-484.6
-286,-482.8
-285,-481
-284,-479.2
-283,-477.4
-282,-475.6
-281,-473.8
-280,-472
-279,-470.2
-278,-468.4
-277,-466.6
-276,-464.8
-275,-463
-274,-461.2
-273,-459.4
-272,-457.6
-271,-455.8
-270,-454
-269,-452.2
-268,-450.4
-267,-448.6
-266,-446.8
-265,-445
-264,-443.2
-263,-441.4
-262,-439.6
-261,-437.8
-260,-436
-259,-434.2
-258,-432.4
-257,-430.6
-256,-428.8
-255,-427
-254,-425.2
-253,-423.4
-252,-421.6
-251,-419.8
-250,-418
-249,-416.2
-248,-414.4
-247,-412.6
-246,-410.8
-245,-409
-244,-407.2
-243,-405.4
-242,-403.6
-241,-401.8
-240,-400
-239,-398.2
-238,-396.4
-237,-394.6
-236,-392.8
-235,-391
-234,-389.2
-233,-387.4
-232,-385.6
-231,-383.8
-230,-382
-229,-380.2
-228,-378.4
-227,-376.6
-226,-374.8
-225,-373
-224,-371.2
-223,-369.4
-222,-367.6
-221,-365.8
-220,-364
-219,-362.2
-218,-360.4
-217,-358.6
-216,-356.8
-215,-355
-214,-353.2
-213,-351.4
-212,-349.6
-211,-347.8
-210,-346
-209,-344.2
-208,-342.4
-207,-340.6
-206,-338.8
-205,-337
-204,-335.2
-203,-333.4
-202,-331.6
-201,-329.8
-200,-328
-199,-326.2
-198,-324.4
-197,-322.6
-196,-320.8
-195,-319
-194,-317.2
-193,-315.4
-192,-313.6
-191,-311.8
-190,-310
-189,-308.2
-188,-306.4
-187,-304.6
-186,-302.8
-185,-301
-184,-299.2
-183,-297.4
-182,-295.6
-181,-293.8
-180,-292
-179,-290.2
-178,-288.4
-177,-286.6
-176,-284.8
-175,-283
-174,-281.2
-173,-279.4
-172,-277.6
-171,-275.8
-170,-274
-169,-272.2
-168,-270.4
-167,-268.6
-166,-266.8
-165,-265
-164,-263.2
-163,-261.4
-162,-259.6
-161,-257.8
-160,-256
-159,-254.2
-158,-252.4
-157,-250.6
-156,-248.8
-155,-247
-154,-245.2
-153,-243.4
-152,-241.6
-151,-239.8
-150,-238
-149,-236.2
-148,-234.4
-147,-232.6
-146,-230.8
-145,-229
-144,-227.2
-143,-225.4
-142,-223.6
-141,-221.8
-140,-220
-139,-218.2
-138,-216.4
-137,-214.6
-136,-212.8
-135,-211
-134,-209.2
-133,-207.4
-132,-205.6
-131,-203.8
-130,-202
-129,-200.2
-128,-198.4
-127,-196.6
-126,-194.8
-125,-193
-124,-191.2
-123,-189.4
-122,-187.6
-121,-185.8
-120,-184
-119,-182.2
-118,-180.4
-117,-178.6
-116,-176.8
-115,-175
-114,-173.2
-113,-171.4
-112,-169.6
-111,-167.8
-110,-166
-109,-164.2
-108,-162.4
-107,-160.6
-106,-158.8
-105,-157
-104,-155.2
-103,-153.4
-102,-151.6
-101,-149.8
-100,-148
-99,-146.2
-98,-144.4
-97,-142.6
-96,-140.8
-95,-139
-94,-137.2
-93,-135.4
-92,-133.6
-91,-131.8
-90,-130
-89,-128.2
-88,-126.4
-87,-124.6
-86,-122.8
-85,-121
-84,-119.2
-83,-117.4
-82,-115.6
-81,-113.8
-80,-112
-79,-110.2
-78,-108.4
-77,-106.6
-76,-104.8
-75,-103
-74,-101.2
-73,-99.4
-72,-97.6
-71,-95.8
-70,-94
-69,-92.2
-68,-90.4
-67,-88.6
-66,-86.8
-65,-85
-64,-83.2
-63,-81.4
-62,-79.6
-61,-77.8
-60,-76
-59,-74.2
-58,-72.4
-57,-70.6
-56,-68.8
-55,-67
-54,-65.2
-53,-63.4
-52,-61.6
-51,-59.8
-50,-58
-49,-56.2
-48,-54.4
-47,-52.6
-46,-50.8
-45,-49
-44,-47.2
-43,-45.4
-42,-43.6
-41,-41.8
-40,-40
-39,-38.2
-38,-36.4
-37,-34.6
-36,-32.8
-35,-31
-34,-29.2
-33,-27.4
-32,-25.6
-31,-23.8
-30,-22
-29,-20.2
-28,-18.4
-27,-16.6
-26,-14.8
-25,-13
-24,-11.2
-23,-9.4
-22,-7.6
-21,-5.8
-20,-4
-19,-2.2
-18,-0.4000000001
-17,1.4
-16,3.2
-15,5
-14,6.8
-13,8.6
-12,10.4
-11,12.2
-10,14
-9,15.8
-8,17.6
-7,19.4
-6,21.2
-5,23
-4,24.8
-3,26.6
-2,28.4
-1,30.2
0,32
1,33.8
2,35.6
3,37.4
4,39.2
5,41
6,42.8
7,44.6
8,46.4
9,48.2
10,50
11,51.8
12,53.6
13,55.4
14,57.2
15,59
16,60.8
17,62.6
18,64.4
19,66.2
20,68
21,69.8
22,71.6
23,73.4
24,75.2
25,77
26,78.8
27,80.6
28,82.4
29,84.2
30,86
31,87.8
32,89.6
33,91.4
34,93.2
35,95
36,96.8
37,98.6
38,100.4
39,102.2
40,104
41,105.8
42,107.6
43,109.4
44,111.2
45,113
46,114.8
47,116.6
48,118.4
49,120.2
50,122
51,123.8
52,125.6
53,127.4
54,129.2
55,131
56,132.8
57,134.6
58,136.4
59,138.2
60,140
61,141.8
62,143.6
63,145.4
64,147.2
65,149
66,150.8
67,152.6
68,154.4
69,156.2
70,158
71,159.8
72,161.6
73,163.4
74,165.2
75,167
76,168.8
77,170.6
78,172.4
79,174.2
80,176
81,177.8
82,179.6
83,181.4
84,183.2
85,185
86,186.8
87,188.6
88,190.4
89,192.2
90,194
91,195.8
92,197.6
93,199.4
94,201.2
95,203
96,204.8
97,206.6
98,208.4
99,210.2
100,212
101,213.8
102,215.6
103,217.4
104,219.2
105,221
106,222.8
107,224.6
108,226.4
109,228.2
110,230
111,231.8
112,233.6
113,235.4
114,237.2
115,239
116,240.8
117,242.6
118,244.4
119,246.2
120,248
121,249.8
122,251.6
123,253.4
124,255.2
125,257
126,258.8
127,260.6
128,262.4
129,264.2
130,266
131,267.8
132,269.6
133,271.4
134,273.2
135,275
136,276.8
137,278.6
138,280.4
139,282.2
140,284
141,285.8
142,287.6
143,289.4
144,291.2
145,293
146,294.8
147,296.6
148,298.4
149,300.2
150,302
151,303.8
152,305.6
153,307.4
154,309.2
155,311
156,312.8
157,314.6
158,316.4
159,318.2
160,320
161,321.8
162,323.6
163,325.4
164,327.2
165,329
166,330.8
167,332.6
168,334.4
169,336.2
170,338
171,339.8
172,341.6
173,343.4
174,345.2
175,347
176,348.8
177,350.6
178,352.4
179,354.2
180,356
181,357.8
182,359.6
183,361.4
184,363.2
185,365
186,366.8
187,368.6
188,370.4
189,372.2
190,374
191,375.8
192,377.6
193,379.4
194,381.2
195,383
196,384.8
197,386.6
198,388.4
199,390.2
200,392
201,393.8
202,395.6
203,397.4
204,399.2
205,401
206,402.8
207,404.6
208,406.4
209,408.2
210,410
211,411.8
212,413.6
213,415.4
214,417.2
215,419
216,420.8
217,422.6
218,424.4
219,426.2
220,428
221,429.8
222,431.6
223,433.4
224,435.2
225,437
226,438.8
227,440.6
228,442.4
229,444.2
230,446
231,447.8
232,449.6
233,451.4
234,453.2
235,455
236,456.8
237,458.6
238,460.4
239,462.2
240,464
241,465.8
242,467.6
243,469.4
244,471.2
245,473
246,474.8
247,476.6
248,478.4
249,480.2
250,482
251,483.8
252,485.6
253,487.4
254,489.2
255,491
256,492.8
257,494.6
258,496.4
259,498.2
260,500
261,501.8
262,503.6
263,505.4
264,507.2
265,509
266,510.8
267,512.6
268,514.4
269,516.2
270,518
271,519.8
272,521.6
273,523.4
274,525.2
275,527
276,528.8
277,530.6
278,532.4
279,534.2
280,536
281,537.8
282,539.6
283,541.4
284,543.2
285,545
286,546.8
287,548.6
288,550.4
289,552.2
290,554
291,555.8
292,557.6
293,559.4
294,561.2
295,563
296,564.8
297,566.6
298,568.4
299,570.2
300,572
301,573.8
302,575.6
303,577.4
304,579.2
305,581
306,582.8
307,584.6
308,586.4
309,588.2
310,590
311,591.8
312,593.6
313,595.4
314,597.2
315,599
316,600.8
317,602.6
318,604.4
319,606.2
320,608
321,609.8
322,611.6
323,613.4
324,615.2
325,617
326,618.8
327,620.6
328,622.4
329,624.2
330,626
331,627.8
332,629.6
333,631.4
334,633.2
335,635
336,636.8
337,638.6
338,640.4
339,642.2
340,644
341,645.8
342,647.6
343,649.4
344,651.2
345,653
346,654.8
347,656.6
348,658.4
349,660.2
350,662
351,663.8
352,665.6
353,667.4
354,669.2
355,671
356,672.8
357,674.6
358,676.4
359,678.2
360,680
361,681.8
362,683.6
363,685.4
364,687.2
365,689
366,690.8
367,692.6
368,694.4
369,696.2
370,698
371,699.8
372,701.6
373,703.4
374,705.2
375,707
376,708.8
377,710.6
378,712.4
379,714.2
380,716
381,717.8
382,719.6
383,721.4
384,723.2
385,725
386,726.8
387,728.6
388,730.4
389,732.2
390,734
391,735.8
392,737.6
393,739.4
394,741.2
395,743
396,744.8
397,746.6
398,748.4
399,750.2
400,752
401,753.8
402,755.6
403,757.4
404,759.2
405,761
406,762.8
407,764.6
408,766.4
409,768.2
410,770
411,771.8
412,773.6
413,775.4
414,777.2
415,779
416,780.8
417,782.6
418,784.4
419,786.2
420,788
421,789.8
422,791.6
423,793.4
424,795.2
425,797
426,798.8
427,800.6
428,802.4
429,804.2
430,806
431,807.8
432,809.6
433,811.4
434,813.2
435,815
436,816.8
437,818.6
438,820.4
439,822.2
440,824
441,825.8
442,827.6
443,829.4
444,831.2
445,833
446,834.8
447,836.6
448,838.4
449,840.2
450,842
451,843.8
452,845.6
453,847.4
454,849.2
455,851
456,852.8
457,854.6
458,856.4
459,858.2
460,860
461,861.8
462,863.6
463,865.4
464,867.2
465,869
466,870.8
467,872.6
468,874.4
469,876.2
470,878
471,879.8
472,881.6
473,883.4
474,885.2
475,887
476,888.8
477,890.6
478,892.4
479,894.2
480,896
481,897.8
482,899.6
483,901.4
484,903.2
485,905
486,906.8
487,908.6
488,910.4
489,912.2
490,914
491,915.8
492,917.6
493,919.4
494,921.2
495,923
496,924.8
497,926.6
498,928.4
499,930.2
500,932